sanana:
123.9999 -2.7501
126.7499 -2.7501
126.7499 -1.3301
123.9999 -1.3301

halsel:
126.7499 -2.7501
130.0001 -2.7501
130.0001 -1.2001
129.0001 -1.2001
128.3001 0.1601
126.7499 0.1601

haltim:
128.0001 0.1601
128.3001 0.1601
129.0001 -1.2001
130.0001 -1.2001
130.0001 1.6001
128.0001 1.6001

halbar:
128.0001 0.1601
126.7499 0.1601
126.7499 0.7501
127.3001 2.0001
128.0001 1.6001

halut:
130.0001 1.6001
130.0001 3.5001
128.0001 3.5001
128.0001 3.0001
127.3001 2.0001
128.0001 1.6001

laut maluku:
128.0001 3.5001
128.0001 3.0001
127.3001 2.0001
126.7499 0.7501
126.7499 -1.3301
123.9999 -1.3301
123.9999 -0.6001
125.4001 1.1501
126.0001 3.5001

sulawesi:
123.9999 -0.6001
125.4001 1.1501
126.0001 3.5001
123.9999 3.5001

