sanana:
124.00 -2.75
126.75 -2.75
126.75 -1.33
124.00 -1.33

halsel:
126.75 -2.75
130.00 -2.75
130.00 -1.20
129.00 -1.20
128.30 0.16
126.75 0.16

haltim:
128.00 0.16
128.30 0.16
129.00 -1.20
130.00 -1.20
130.00 1.60
128.00 1.60

halbar:
128.00 0.16
126.75 0.16
126.75 0.75
127.30 2.00
128.00 1.60

halut:
130.00 1.60
130.00 3.50
128.00 3.50
128.00 3.00
127.30 2.00
128.00 1.60

laut maluku:
128.00 3.50
128.00 3.00
127.30 2.00
126.75 0.75
126.75 -1.33
124.00 -1.33
124.00 -0.60
125.40 1.15
126.00 3.50

sulawesi:
124.00 -0.60
125.40 1.15
126.00 3.50
124.00 3.50



