# mby.cpt by M. Burak YIKILMAZ
# 
# (original title gmt_color.cpt) 
#
# COLOR_MODEL = RGB
  -10000    153    0    255    -9500    153    0    255
-9500    153    0    255    -9000    153    0    255
-9000    153    0    255    -8500    153    0    255
-8500    136    17    255    -8000    136    17    255
-8000    119    34    255    -7500    119    34    255
-7500    102    51    255    -7000    102    51    255
-7000    85    68    255    -6500    85    68    255
-6500    68    85    255    -6000    68    85    255
-6000    51    102    255    -5500    51    102    255
-5500    34    119    255    -5000    34    119    255
-5000    17    136    255    -4500    17    136    255
-4500    0    153    255    -4000    0    153    255
-4000    27    164    255    -3500    27    164    255
-3500    54    175    255    -3000    54    175    255
-3000    81    186    255    -2500    81    186    255
-2500    108    197    255    -2000    108    197    255
-2000    134    208    255    -1500    134    208    255
-1500    161    219    255    -1000    161    219    255
-1000    188    230    255    -500    188    230    255
-500    215    241    255    -200    215    241    255
-200    241    252    255    0    241    252    255
  0      0       97      71      50      16      122     47
  50     16      122     47      500     232     215     125
  500    232     215     125     1200    161     67      0       
  1200   161     67      0       1700    130     30      30
  1700   130     30      30      2800    110     110     110
  2800   110     110     110     4000    255     255     255
  4000   255     255     255     6000    255     255     255
B	-
F	-
N	241    252    255

