120.2	-1.62	5	1.8
120.11	-4.33	14	1.8
121.66	-2.64	5	3.2
120.25	-1.64	4	2.5
120.21	-1.62	5	1.9
120.21	-2.88	6	2.2
120.67	0.49	13	3.0
121.92	1.20	16	2.7
121.53	-0.38	11	3.1
121.45	-0.37	10	3.4
120.18	-1.61	5	2.4
121.77	-2.83	9	2.9
119.39	-2.90	5	2.1
120.71	-2.28	5	1.6
119.7	-3.83	18	2.4
115.87	6.48	610	5.6
121.3	-2.46	5	2.7
120.94	-2.63	8	2.3
119.94	-5.52	6	1.9
121.78	0.21	184	2.7
121.73	1.03	10	3.1
120.2	-1.6	2	2.4
119.29	-1.92	3	2.2
121.05	-2.41	5	1.9
119.91	-0.62	5	2
120.14	-1.61	8	1.6
120.11	-1.59	3	1.9
120.14	-1.58	2	1.9
120.12	-1.62	2	2.1
119.46	-3.96	17	2.3
119.33	-3.92	5	2.4
121.32	-2.37	4	2.9
119.31	-2.2	10	2.2
121.93	-2.67	6	2.1
121.03	-2.66	5	1.6
119.76	-1.03	63	2.4
120.43	-1.34	3	2.2
120.96	-2.65	8	2.8
120.31	-1.84	5	1.8
121.86	0.23	177	2.9
120.29	-1.77	5	2.3
120.2	-1.64	1	2.3
120.63	-2.01	1	2.7
121.02	-2.37	8	2.2
121.88	-0.09	182	3.7
121.08	-2.34	2	2
121.24	-2.42	9	2.1
120.52	-2.37	9	1.9
119.63	0.63	11	3.1
121.92	-0.84	77	3.1
121.98	-4.75	10	3.9
121.99	-4.72	5	3
120.2	-1.62	6	2.4
119.38	-2.92	4	1.4
120.16	-1.61	3	1.9
121.76	-2.31	3	3.8
121.78	-2.28	6	3.4
121.7	-2.29	6	2.3
121.74	-2.29	5	2
121.14	-2.56	5	1.9
121.97	-4.69	6	2.9
121.56	-2.43	5	2
121.41	-2.48	5	1.3
120.91	-0.66	3	3
121.68	-2.38	5	2.6
121.74	-2.24	5	3
120.18	-1.62	6	2
121.32	-2.41	5	1.8
121.12	0.78	94	2.7
121.32	-2.41	5	1.8
118.77	-3.35	4	2.2
120.64	-2.45	16	1.9
121.44	-2.7	7	2.1
121.91	-4.68	8	2.6
121.79	0.2	176	2.7
120.78	-2.4	5	2.1
121.25	-2.63	6	2.4
121.78	-2.28	5	3.4
119.4	-2.86	11	1.7
120.21	-1.61	3	2
120.45	-1.36	3	2.4
119.36	-2.89	4	2.7
120.81	0.5	59	3.7
120.88	-2.53	10	3.8
120.18	-1.65	10	3
120.51	-1.39	2	2
120.21	-1.63	5	2
120.12	-1.67	3	2.1
119.46	-2.92	5	1.1
119.86	0.82	57	3.3
120.2	-1.61	3	2.1
120.19	-1.62	6	1.9
120.79	-2.29	9	2.2
121.79	0.37	183	2.9
120.09	-6.6	10	2.5
120.99	0.32	123	2.6
120.85	-1.78	7	2.4
119.29	-1.76	21	2.6
120.53	-2.07	5	2.3
120.61	-2.56	10	3.6
121.92	0.19	186	4
120.5	-1.37	3	2.7
120.52	-2.19	10	3
121.55	0.59	134	4
120.6	-1.97	5	2.5
120.61	-2.64	3	1.5
119.33	-1.78	5	2.1
121.58	-0.57	10	2.8
120.49	-2.17	2	1.9
120.92	1.3	18	3.2
120.95	-2.47	4	1.9
121.34	-2.39	10	2.4
121.99	0.27	176	3.5
120.91	-2.75	5	2
120.44	-1.34	5	1.9
120.23	-1.1	3	2.1
118.95	-2.75	22	1.7
121.81	0.24	190	2.5
119.65	-4.78	17	1.8
119.37	-4.23	10	2.9
121.22	-2.48	3	1.9
121.99	0.76	191	2.1
120.87	-1.24	3	2.8
118.95	-2.81	3	1.9
120.17	-1.6	5	1.8
117.5	1.74	10	2.8
120.44	-1.39	4	2
121.68	-2.08	10	2
120.91	-2.69	8	1.2
119.71	-5.15	8	1.3
120.25	-2.38	10	2.1
119.44	-2.94	3	2.5
119.41	-2.92	4	2.6
120.13	-2.29	7	2.4
120.25	-2.53	15	2
121.98	-0.61	55	3.1
120.23	-1.63	7	2.2
120.92	-2.38	6	3.3
120.98	-2.59	10	2.4
119.06	-3.17	16	2.3
120.45	-1.41	5	2.7
120.97	-2.43	4	2.2
120.88	-2.63	20	2.2
120.23	-1.63	5	2.6
120.31	-1.62	5	2.1
121.6	-2.27	9	1.8
119.26	-3.89	5	2.1
120.21	-1.63	5	2.1
120.17	-1.6	3	2.1
120.21	-1.62	3	2.3
120.45	-1.28	14	2
120.89	-2.57	12	2.5
120.5	-1.32	3	1.9
120.22	-1.6	5	2.8
120.19	-1.61	5	1.7
120.51	-1.39	10	1.7
120.25	-1.64	3	2.7
120.83	-2.39	8	2.1
119.47	-3.23	3	2.2
120.47	-1.31	9	2.1
116.74	-2.05	85	3.4
120.18	-1.55	2	1.9
121.4	-2.71	5	1.9
120.2	-1.61	2	1.9
120.23	-1.66	2	1.9
120.24	-1.63	5	2
121.75	-4.14	5	2.9
119.42	-2.92	10	2.7
121.96	0.56	162	2.3
119.54	0.6	10	3.5
119.64	0.53	21	3.3
119.37	-2.9	10	3.6
119.42	-2.94	5	3
119.41	-2.9	1	2.7
119.39	-2.92	5	3.2
119.41	-2.9	3	3.3
121.17	-2.53	19	1.6
119.31	-2.3	10	1.8
121.52	-2.41	5	3.4
119.8	-2.67	5	1.9
119.52	-4.78	9	1.8
119.4	-2.99	8	2.1
120.03	-2.57	27	2.2
119.37	-3.02	3	1.3
119.32	-3.35	1	2
121.62	1.12	21	2.2
121.58	0.69	45	2.5
119.38	-3	1	1.9
119.42	-2.91	3	2.4
119.39	-2.92	1	2.2
119.39	-2.96	7	2.2
120.93	-2.99	5	1.9
120.9	-1.17	10	2.6
121.59	0.94	11	2.3
120.41	-1.44	15	1.9
121.83	0.17	198	2.8
117.92	1.71	12	3.3
120.27	-4.93	16	1.3
120.64	-2.29	5	3.8
120.2	-1.63	2	2.3
120.16	-1.61	6	1.8
119.85	-0.19	3	2.3
